0.999742
0.282618
0.231657
0.957477
0.540044
0.759944
0.315638
0.519672
0.47553
0.221668
0.0303352
0.194149
0.579932
0.665564
0.560628
0.296526
0.0629177
0.725419
0.713885
0.699267
0.129243
0.20778
0.0831748
0.547371
0.292141
0.227118
0.140733
0.686947
0.440821
0.311296
0.182411
0.740788
0.160809
0.627837
0.698197
0.0901077
0.0952139
0.474673
0.777537
0.980437
0.830813
0.744085
0.391105
0.3467
0.613067
0.498894
0.144551
0.310787
0.24207
0.440129
0.644575
0.555969
0.642363
0.0961592
0.0569986
0.125541
0.180568
0.664431
0.191004
0.964462
0.130883
0.374657
0.17866
0.622878
0.440719
0.99485
0.255911
0.575917
0.191601
0.149275
0.121772
0.0278064
0.827926
0.610218
0.410838
0.847145
0.0814038
0.479223
0.472005
0.980832
0.202702
0.653583
0.60998
0.766304
0.241195
0.960932
0.336128
0.86892
0.165935
0.606554
0.613936
0.497223
0.461747
0.580116
0.954096
0.280305
0.299551
0.301195
0.848398
0.538546
0.212707
0.290308
0.241663
0.455367
0.4407
0.805997
0.283158
0.936538
0.134467
0.400296
0.727303
0.694608
0.119552
0.682711
0.98104
0.558744
0.95704
0.77231
0.660998
0.580424
0.16538
0.954519
0.622254
0.988475
0.505866
0.557186
0.695844
0.578866
0.643298
0.226445
0.501633
0.0287711
0.745706
0.425397
0.446113
0.586188
0.327669
0.949764
0.0852215
0.527264
0.144184
0.148783
0.281019
0.60728
0.57274
0.204188
0.595049
0.617862
0.355437
0.910561
0.627641
0.0429187
0.298875
1.03522
0.522704
0.663179
0.0997149
0.422357
0.825518
0.397718
0.278756
0.461001
0.875416
0.185689
0.904463
0.315342
0.339956
0.933203
0.124923
0.290639
0.124285
0.922278
0.596484
0.902318
0.82752
0.960576
0.69754
0.528715
0.203983
1.05192
1.1368
0.316035
0.660376
0.479884
1.16712
1.19115
1.18024
0.250555
0.928982
0.287338
0.386583
1.18026
1.20928
1.07443
0.860876
0.395094
0.501495
0.435641
1.3152
0.961114
1.057
0.473648
1.15467
1.06121
1.26651
1.34105
0.573546
1.40865
0.604396
1.32544
0.800707
1.51872
1.05812
1.18924
1.39813
1.25603
1.30673
1.48127
1.0966
1.45652
1.12193
1.27416
1.6744
1.21758
1.45075
1.46671
1.64996
1.28608
1.20772
1.77191
0.988643
1.57698
1.52138
1.14054
1.62333
1.41564
1.0547
1.29677
1.85419
1.77502
1.23126
1.72393
1.46692
1.31102
1.81966
1.31356
1.0897
1.85741
1.98342
1.82829
1.48941
1.95978
1.85937
1.3292
1.44657
1.33676
1.3049
1.47277
1.9465
1.19833
1.25177
1.05717
1.25847
1.33283
1.1335
1.80598
1.26728
1.59305
1.25429
1.08036
1.61178
1.10032
1.72889
1.3601
1.12935
0.820641
1.21617
1.75929
1.25136
1.63339
1.15371
1.19464
0.784637
0.702791
1.1942
1.52439
1.12808
1.50074
0.707362
1.42486
1.50281
1.18977
0.607535
0.560298
1.44292
1.26351
0.47818
1.37525
0.630885
0.590363
1.39396
0.415384
0.739916
1.10724
0.643644
1.32216
0.845786
1.28312
0.780685
0.669452
0.828858
0.816427
0.496163
0.462111
0.982102
0.698989
1.09148
0.74567
0.981994
0.922494
0.476529
0.738132
0.802599
1.12205
0.434582
0.448218
0.696652
0.265904
0.722855
0.451521
0.940936
0.127298
0.216847
0.960505
0.975599
0.958499
0.309088
0.361531
0.998248
0.409505
0.698332
0.387563
0.363205
0.144773
0.371945
0.9221
0.891992
0.562302
0.300669
0.0880113
0.799983
0.525029
0.586295
0.642821
0.719607
0.573839
0.171138
0.20389
0.866833
0.690496
0.671185
0.218783
0.0498178
0.68859
0.406163
0.642435
1.00107
0.0755882
0.954124
0.473324
0.754557
0.216407
0.958707
0.940378
0.666984
0.656225
0.308765
0.282875
0.029955
0.714694
0.127896
0.924571
0.405848
0.780699
0.0284772
0.916595
0.629594
0.63042
0.642465
0.61533
0.809623
0.451329
0.203544
0.127214
0.262513
0.553405
0.514105
0.666609
0.178689
0.0687986
0.314818
0.806779
0.524966
0.630986
0.959078
0.701093
0.683971
0.617557
0.823728
0.703222
0.819898
0.0488689
0.616837
0.800921
0.903857
0.191399
0.85347
0.855911
0.872732
0.0926799
0.782671
0.504641
0.773521
0.880055
0.872448
0.902318
0.0560049
0.563956
0.295583
0.398578
0.806726
0.68816
0.454554
0.0392585
0.393821
0.968656
0.32597
0.100285
0.307263
0.857969
0.615503
0.797487
0.456706
0.21491
0.278604
0.397499
0.802623
0.638272
0.580095
0.932739
0.480591
0.181509
0.309277
0.722342
0.527855
0.986883
0.606397
0.790968
0.550466
0.78463
0.963588
0.357178
0.42996
0.601176
0.970542
0.0949268
0.120878
0.194248
0.0145988
0.340101
0.367533
0.131688
0.733605
0.136995
0.406223
0.472451
0.454719
0.314061
0.741721
0.982868
0.804204
0.746155
0.0930815
0.746868
0.720297
0.963097
0.739622
0.087293
0.0823649
0.532618
0.861267
0.0931225
0.959518
0.859896
0.718542
0.818885
0.408224
0.523839
0.353426
0.0974869
0.462493
